	Adult_AdrenalGland	Adult_Colon	Adult_Esophagus	Adult_GallBladder	Adult_Heart	Adult_Kidney	Adult_Liver	Adult_Lung	Adult_Ovary	Adult_Pancreas	Adult_Prostate	Adult_Rectum	Adult_Retina	Adult_SpinalCord	Adult_UrinaryBladder	Fetal_Brain	Fetal_Gut	Fetal_Heart	Fetal_Liver	Fetal_Placenta	Fetal_Testis	Immune_CD4	Immune_Monocyte	Immune_NK
GO:0032543	16.4424417077817	0	0	0	0	5.01615047478437	0	0	0	0	0	0	0	0	0	0	0	6.50229017087397	0	0	0	0	0	0
GO:0070125	14.5599510329118	0	0	0	0	5.67519501780429	0	0	0	0	0	0	0	0	0	0	0	7.33853819507459	0	0	0	0	0	0
GO:0018196	4.79149976417958	0	0	0	0	0	0	0	0	8.27033311348471	0	0	0	0	0	0	0	0	0	20.492154115983	0	0	0	0
GO:0070085	7.77287772428189	6.50897915902477	0	0	0	0	0	0	0	8.81156425201882	0	0	0	0	0	0	0	0	0	15.7465320945258	0	0	0	0
GO:0043413	7.0690984293909	6.75933527386386	0	0	0	0	0	0	0	9.08812273925193	0	0	0	0	0	0	0	0	0	16.1271363956105	0	0	0	0
GO:0009100	8.18788944427364	8.1987394602977	0	0	0	0	0	0	0	9.57850969534065	0	0	0	0	0	0	0	0	0	15.8106109512104	0	0	0	0
GO:0009101	6.51571319120611	6.91881622634156	0	0	0	0	0	0	0	11.5919686723107	0	0	0	0	0	0	0	0	0	15.7604212066865	0	0	0	0
GO:0006486	7.0690984293909	6.75933527386386	0	0	0	0	0	0	0	9.08812273925193	0	0	0	0	0	0	0	0	0	16.1271363956105	0	0	0	0
GO:0006487	5.40813223255524	0	0	0	0	0	0	0	0	9.15207146385221	0	0	0	0	0	0	0	0	0	19.6448562555958	0	0	0	0
GO:0018279	4.8613535913805	0	0	0	0	0	0	0	0	8.34745041682914	0	0	0	0	0	0	0	0	0	20.6189058216222	0	0	0	0
GO:0044242	5.04367514817446	0	0	0	0	5.98747252583844	15.9192447922132	0	0	0	0	0	0	0	0	0	0	0	6.85896511481271	0	0	0	0	0
GO:1901615	10.9251388000681	0	0	0	0	9.42477198268837	34.9788329477885	0	0	0	0	0	0	0	0	0	0	0	0	0	8.17360348702616	0	0	0
GO:0006066	7.94339276848886	0	0	0	0	0	18.189569022989	0	0	0	0	0	0	0	0	0	0	0	0	0	10.0450511168579	0	0	0
GO:1901617	4.67452026412288	0	0	0	0	0	15.9274752913497	0	0	0	0	0	0	0	0	0	0	0	0	0	14.2759599744052	0	0	0
GO:0042445	10.4210021644529	0	0	0	0	8.43101549517518	17.2925096530427	0	0	0	0	0	0	0	0	0	10.0155370563448	0	0	5.87101839403211	0	0	0	0
GO:0034754	15.7887919038157	0	0	0	0	0	20.674475672777	0	0	0	0	0	0	0	0	0	0	0	6.39493165255347	0	0	0	0	0
GO:0008202	7.20750993266819	0	0	0	0	0	45.2908960308472	0	0	0	0	0	0	0	0	0	0	0	5.64929428937213	0	6.63012354238386	0	0	0
GO:0006694	9.07931210956978	0	0	0	0	0	16.8172609038438	0	0	0	0	0	0	0	0	0	0	0	0	0	14.4908178203959	0	0	0
GO:0010876	5.59672340236279	0	0	0	0	0	14.2130074964233	0	0	0	0	0	0	0	0	0	0	0	0	0	0	0	6.19480547112601	0
KEGG:00140	5.12604614560758	0	0	0	0	0	40.9765280446471	0	0	0	0	0	0	0	0	0	0	0	4.65331056131603	0	0	0	0	0
REAC:446203	6.08357983601579	0	0	0	0	0	0	0	0	13.9467588445742	0	0	0	0	0	0	0	0	0	25.5027894100793	0	0	0	0
REAC:211859	6.66089520105061	0	0	0	0	18.2467274368289	106.317900419737	0	0	0	0	0	0	0	0	0	0	0	6.30343931212881	0	0	0	0	0
REAC:5368286	16.8012925006651	0	0	0	0	0	0	0	0	0	0	0	0	0	0	0	0	8.0194528071989	0	4.72170400224404	0	0	0	0
REAC:5419276	16.8012925006651	0	0	0	0	0	0	0	0	0	0	0	0	0	0	0	0	8.0194528071989	0	4.72170400224404	0	0	0	0
REAC:5389840	16.8012925006651	0	0	0	0	4.93367425296013	0	0	0	0	0	0	0	0	0	0	0	8.0194528071989	0	4.72170400224404	0	0	0	0
REAC:5653656	6.84948637085816	0	0	0	0	0	0	0	0	7.53137639689347	0	0	0	0	0	0	0	0	0	4.92813407258451	0	0	0	0
GO:0061061	0	6.71713491937349	0	0	29.4761813618837	0	0	0	0	0	0	4.70168108636893	0	0	0	0	0	7.13842709671714	0	0	0	0	0	0
GO:0090131	0	10.5013245532917	0	0	0	0	0	0	0	0	10.6458249772868	0	0	0	12.0820866657492	0	0	0	0	0	0	0	0	0
GO:0031589	0	6.84009663050832	0	0	0	0	0	4.60517018598809	0	0	19.078460780675	9.2637411487033	0	0	0	0	0	0	0	0	0	0	0	0
GO:0043062	0	18.5599428112859	0	44.3560862512058	0	0	0	22.6822612255504	0	9.5430198103587	33.5642167549126	37.9469983915098	0	0	0	0	0	0	0	5.67519501780429	0	0	0	0
GO:0030198	0	18.6425750758661	0	44.4706634219685	0	0	0	22.763486665473	0	9.60042437804604	33.6801147758732	38.0255316649345	0	0	0	0	0	0	0	5.72296529407298	0	0	0	0
GO:0003013	0	7.5616817463888	0	0	14.2759599744052	0	0	0	0	0	0	0	0	0	0	0	0	15.6418614719619	0	0	0	0	0	0
GO:0008015	0	7.67347315237692	0	0	14.3846717587432	0	0	0	0	0	0	0	0	0	0	0	0	15.7745059465682	0	0	0	0	0	0
GO:0003012	0	12.6492396208223	18.1355018017187	0	35.2379416477962	0	0	0	0	0	18.9084410947874	0	0	0	0	0	0	26.1358723498966	0	0	0	0	0	0
GO:0006936	0	12.3568955352648	16.4507750893408	0	38.7056916499676	0	0	0	0	0	18.8196668859628	0	0	0	4.983506626708	0	0	23.3529670716376	0	0	0	0	0	0
KEGG:05410	0	5.35594647938467	0	0	12.0055837847808	0	0	0	0	0	10.7336005881692	0	0	0	5.78282568199665	0	0	7.08449245748219	0	0	0	0	0	0
KEGG:04270	0	11.9239057537665	0	0	0	0	0	0	0	0	11.7004605888171	0	0	0	5.09130319716371	0	0	0	0	0	0	0	0	0
KEGG:04810	0	6.18504929618065	0	0	0	0	0	0	0	0	11.289781913656	0	0	0	0	0	0	0	0	0	0	0	0	23.8111133994082
KEGG:04510	0	12.6368555616226	0	0	0	0	0	7.72873583105197	0	0	25.9670950182104	26.3500872704665	0	0	7.05509586688085	0	0	0	0	0	0	0	0	0
KEGG:05412	0	8.09192545601189	0	0	6.90775527898214	0	0	0	0	0	8.1050835405894	0	0	0	0	0	0	0	0	0	0	0	0	0
KEGG:04512	0	15.1360171785462	0	9.5195866223438	0	0	0	16.6389716105778	0	0	26.5390978154112	23.2704735129318	0	0	0	0	0	0	0	0	0	0	0	0
KEGG:05414	0	4.82581685710371	0	0	13.4034009071374	0	0	0	0	0	9.97605824537096	0	0	0	0	0	0	0	0	0	0	0	0	0
REAC:3781865	0	9.62737211645581	0	10.6006427544936	0	0	0	0	0	5.417100902538	6.37712702791997	0	0	0	0	0	0	0	0	0	0	0	0	0
REAC:397014	0	6.25023527606534	9.44353425914389	0	17.4728913450188	0	0	0	0	0	14.0652547910757	5.9716619198118	0	0	0	0	0	10.7290239211418	0	0	0	0	0	0
REAC:445355	0	12.2262753528477	0	4.69838256771027	0	0	0	0	0	0	27.5088034832043	14.1636505994532	0	0	0	0	0	0	0	0	0	0	0	0
REAC:446728	0	6.0448653238351	0	0	0	0	0	0	0	0	8.02861317659757	6.1516332992608	0	0	0	0	0	0	0	0	0	0	0	0
REAC:446353	0	15.5874673998962	0	0	0	0	0	0	0	0	0	6.4377516497364	0	0	8.91023577952584	0	0	0	0	0	0	0	0	0
REAC:1474244	0	16.6979141462113	0	31.9738270374491	0	0	0	26.7390230766234	0	10.8816536881284	33.5344747857138	47.7230151760331	0	0	0	0	0	0	0	6.93924594607351	0	0	0	0
REAC:216083	0	4.8208417224636	0	0	0	0	0	5.54934612135178	0	0	6.77672701657573	10.2100127127894	0	0	0	0	0	0	0	0	0	0	0	0
REAC:3000171	0	15.5471161043726	0	0	0	0	0	11.094215130112	0	0	15.9274752913497	13.0270531976	0	0	0	0	0	0	0	0	0	0	0	0
REAC:1566977	0	4.95048137127651	0	0	0	0	0	6.36543098815677	0	0	0	5.33290881131766	0	0	0	0	0	0	0	0	0	0	0	0
REAC:3000178	0	6.21962064024574	0	0	0	0	0	4.79149976417958	0	0	6.37126190846757	8.40833878650415	0	0	0	0	0	0	0	0	0	0	0	0
GO:0008544	0	0	52.8284288764566	0	0	0	0	6.08797544748883	0	0	0	0	0	0	5.42615073805792	0	0	0	0	0	0	0	0	0
GO:0043588	0	0	42.8820162792035	0	0	0	0	0	0	0	0	10.8399809917278	0	0	8.12853520162445	0	0	0	0	0	0	0	0	0
GO:0031032	0	0	6.38896148556697	0	12.5513838308186	0	0	0	0	0	5.03749274826614	0	0	0	0	0	0	0	0	0	0	0	0	0
GO:0055002	0	0	5.13280292807046	0	22.7406719877068	0	0	0	0	0	0	0	0	0	0	0	0	11.2739085644997	0	0	0	0	0	0
GO:0030239	0	0	5.76672227443007	0	23.8221388694199	0	0	0	0	0	0	0	0	0	0	0	0	6.18020667170486	0	0	0	0	0	0
GO:0044057	0	0	8.00436956498757	0	10.6931456334769	0	0	0	0	0	0	0	0	0	0	0	0	13.9297997043664	0	0	0	0	0	0
GO:0006941	0	0	12.1125823024428	0	28.7396837404502	0	0	0	0	0	0	0	0	0	0	0	0	16.7159326517139	0	0	0	0	0	0
GO:0090257	0	0	9.01972001236753	0	12.9696422903867	0	0	0	0	0	0	0	0	0	0	0	0	9.34730622704934	0	0	0	0	0	0
GO:0006937	0	0	8.77855795555064	0	15.3116197850914	0	0	0	0	0	0	0	0	0	0	0	0	9.58430681302498	0	0	0	0	0	0
GO:0006942	0	0	9.87781980578755	0	17.5620191249148	0	0	0	0	0	0	0	0	0	0	0	0	7.11232244472341	0	0	0	0	0	0
GO:0030029	0	0	7.78242433616547	0	14.9580747341616	0	0	0	0	0	5.83617166270195	0	0	0	0	0	0	0	0	0	0	0	0	0
GO:0030048	0	0	13.5228409440015	0	34.0940905736492	0	0	0	0	0	0	0	0	0	0	0	0	9.89353722168296	0	0	0	0	0	0
GO:0070252	0	0	15.4709924088998	0	37.7677025556324	0	0	0	0	0	0	0	0	0	0	0	0	11.7613868242687	0	0	0	0	0	0
GO:0033275	0	0	11.0304993157259	4.66810998576197	41.660963284605	0	0	0	0	0	0	0	0	0	0	0	0	0	0	0	0	0	0	0
GO:0030049	0	0	11.0304993157259	4.66810998576197	41.660963284605	0	0	0	0	0	0	0	0	0	0	0	0	0	0	0	0	0	0	0
REAC:390522	0	0	14.055037588529	0	33.6426883703541	0	0	0	0	0	0	0	0	0	0	0	0	5.02220193046772	0	0	0	0	0	0
GO:0072359	0	0	0	10.5729182064788	6.53619172254965	0	0	12.5401477575517	0	0	0	0	0	0	0	0	0	14.6664818237178	0	0	0	0	0	0
GO:0072358	0	0	0	10.5729182064788	6.53619172254965	0	0	12.5401477575517	0	0	0	0	0	0	0	0	0	14.6664818237178	0	0	0	0	0	0
GO:0002253	0	0	0	10.1442860390891	0	0	0	5.74148434184021	0	0	0	0	0	0	0	0	0	0	0	0	0	0	24.9637929093466	9.15207146385221
GO:0002443	0	0	0	8.12515110364021	0	0	0	7.38740528527968	0	0	0	0	0	0	0	0	0	0	0	0	0	0	0	4.80851111000612
GO:1903035	0	0	0	7.15621663828064	0	0	0	4.98936315882072	0	0	0	0	0	0	0	0	0	0	0	0	0	0	15.8869839299949	0
GO:0002526	0	0	0	26.2249241275125	0	0	0	4.84215914412435	0	0	0	0	0	0	0	0	0	0	0	0	0	0	31.7173975085015	0
GO:0006959	0	0	0	33.2774785239655	0	0	0	9.76372561016097	0	0	0	0	0	0	0	0	0	0	0	0	0	0	13.1025607501081	0
GO:0006897	0	0	0	12.789468962131	0	0	0	12.4778813688257	0	0	0	0	0	0	0	0	0	0	0	8.14562963498375	0	0	13.7385495168281	0
GO:0006898	0	0	0	10.2601624964749	0	0	0	10.780557571257	0	0	0	0	0	0	0	0	0	0	0	9.18078156973464	0	0	0	0
GO:0016485	0	0	0	10.5086238557734	0	0	0	0	0	0	0	0	0	0	0	0	4.72960026436627	0	0	0	0	0	26.8609128942325	0
GO:0009617	0	0	0	7.28317626574192	0	0	0	6.38302675004716	0	0	0	0	0	0	0	0	0	0	0	0	0	0	13.3086929555958	0
GO:0042742	0	0	0	7.49294531803699	0	0	0	6.82157758274108	0	0	0	0	0	0	0	0	0	0	0	0	0	0	7.85967318849944	0
GO:0061045	0	0	0	10.5159768300786	0	0	0	0	0	0	0	0	0	0	0	0	0	0	0	4.63151416132769	0	0	15.8254260369955	0
GO:0050819	0	0	0	11.4176152851659	0	0	0	0	0	0	0	0	0	0	0	0	0	0	0	5.35594647938467	0	0	17.3559700069599	0
GO:0009887	0	0	0	6.96963068270022	4.60517018598809	0	0	0	0	0	0	0	0	0	0	0	0	4.97913662703689	0	0	0	0	0	0
GO:0010769	0	0	0	4.61219480092506	0	0	0	0	0	0	6.28181684811564	0	0	0	0	36.7015995455296	0	0	0	0	0	0	0	0
GO:0022617	0	0	0	24.0814037291481	0	7.03445293202809	0	16.3742790563507	0	16.5659464755629	17.6276882284227	33.5418277600191	0	0	0	0	0	0	0	0	0	0	0	0
GO:0030168	0	0	0	5.36019277026612	0	0	0	0	0	0	0	0	0	0	0	0	0	0	0	4.7049905212703	0	0	0	5.91450350597185
GO:0044236	0	0	0	10.3009844909951	0	9.3438717646007	0	7.81657399601759	0	7.41691562342907	6.86853456582886	13.1425660847218	0	0	0	0	0	0	0	0	0	0	0	0
GO:0044243	0	0	0	8.98719682066197	0	12.3499430159499	0	8.46365242448821	0	10.6006427544936	10.0200213687921	15.7887919038157	0	0	0	0	0	0	0	0	0	0	0	0
GO:0044259	0	0	0	10.8048896719165	0	9.84145216161668	0	8.26255097304266	0	6.28181684811564	7.38257046522509	13.5843988370009	0	0	0	0	0	0	0	0	0	0	0	0
GO:0032963	0	0	0	11.2352937283719	0	6.57128304236092	0	5.13449928131864	0	6.67664355801875	7.82404601085629	13.9616930681424	0	0	0	0	0	0	0	0	0	0	0	0
GO:0030574	0	0	0	9.56416224693251	0	8.76565455071474	0	5.17964583683054	0	9.35536614402644	10.7902194821687	16.4151548852227	0	0	0	0	0	0	0	0	0	0	0	0
KEGG:04974	0	0	0	5.1193347110196	0	5.5065723053685	0	0	0	17.1509201990884	0	16.0982930236621	0	0	0	0	22.8435293731465	0	0	0	0	0	0	0
KEGG:05150	0	0	0	19.2037526320403	0	0	0	19.8436390894438	0	0	0	0	0	0	0	0	0	0	0	0	0	0	28.9780947638952	6.97710535711693
REAC:1474228	0	0	0	10.4761885800202	0	0	0	7.60290446221276	0	6.87819647674059	13.3708247367028	15.3953896681568	0	0	0	0	0	0	0	0	0	0	0	0
REAC:1592389	0	0	0	7.48045630646622	0	0	0	0	0	6.46950034805098	5.68692535758978	0	0	0	0	0	0	0	0	0	0	0	0	0
REAC:1474290	0	0	0	10.3718924604182	0	6.37126190846757	0	9.15207146385221	0	0	9.75679317338532	20.03513119821	0	0	0	0	0	0	0	7.59293428989291	0	0	0	0
REAC:2022090	0	0	0	12.9869587403981	0	8.15951874714442	0	13.7293328617232	0	7.07499119835805	8.41734785644652	17.8841873734378	0	0	0	0	0	0	0	0	0	0	0	0
REAC:1650814	0	0	0	5.20119065581731	0	0	0	0	0	0	5.05615580939807	19.6759468426659	0	0	0	0	0	0	0	6.81244509917781	0	0	0	0
REAC:140877	0	0	0	11.1141493450129	0	0	0	0	0	0	0	0	0	0	0	0	0	0	0	6.84009663050832	0	0	9.00332620259186	0
REAC:76005	0	0	0	9.79732735670774	0	0	0	7.05509586688085	0	0	0	0	0	0	0	0	0	0	0	8.35592504382011	0	0	9.98686916147518	0
REAC:114608	0	0	0	10.274551233927	0	0	0	5.7603528261446	0	0	0	0	0	0	0	0	0	0	0	8.84569725838827	0	0	10.671358279292	0
GO:0051186	0	0	0	0	4.8283137373023	15.5584798630229	30.2360635669565	0	0	0	0	0	5.38169897548709	0	0	0	0	0	11.8276362098099	0	0	0	0	0
GO:0006732	0	0	0	0	6.46306945772069	10.9764320944557	23.0532221267366	0	0	0	0	0	8.22079917836244	0	0	0	0	0	0	0	0	0	0	0
GO:0006733	0	0	0	0	8.45421839225485	0	6.64539101451465	0	0	0	0	0	17.8109151723315	0	0	0	0	0	0	0	0	0	0	0
GO:0042180	0	0	0	0	8.76565455071474	0	12.7269486051497	0	0	0	0	0	0	0	0	0	0	0	0	0	14.1880245659328	0	0	0
GO:0034440	0	0	0	0	4.81465741085482	14.4316966973881	18.1738206660208	0	0	0	0	0	0	0	0	0	0	0	4.7083109449076	0	0	0	0	0
GO:0019395	0	0	0	0	4.95472766215796	14.7418516256919	18.5149914234236	0	0	0	0	0	0	0	0	0	0	0	4.88886023717034	0	0	0	0	0
GO:1901657	0	0	0	0	74.201916849246	0	0	0	0	0	0	0	5.46083629604581	0	0	0	0	0	5.31648133717571	0	0	0	0	0
GO:0006091	0	0	0	0	110.708007301875	0	9.85089510241696	0	0	0	0	0	7.72420067588658	0	0	0	0	7.59095212868891	0	0	0	0	0	0
GO:0015980	0	0	0	0	112.816719225855	0	8.0534591751841	0	0	0	0	0	0	0	0	0	0	8.22452357745342	0	0	0	0	0	0
KEGG:01200	0	0	0	0	5.54421790498486	15.217934301014	17.5577907888053	0	0	0	0	0	12.9696422903867	0	0	0	0	0	0	0	0	0	0	0
REAC:1428517	0	0	0	0	130.486544471627	5.59134704532641	0	0	0	0	0	0	0	0	0	0	0	6.11024808309795	0	0	0	0	0	0
REAC:389661	0	0	0	0	6.60027057923418	6.30343931212881	8.32244911462373	0	0	0	0	0	0	0	0	0	0	0	0	0	0	0	0	0
GO:1904223	0	0	0	0	0	5.18677599181513	13.7572416498403	0	0	0	0	0	0	0	7.89125476054974	0	0	0	0	0	0	0	0	0
GO:1904224	0	0	0	0	0	5.18677599181513	13.7572416498403	0	0	0	0	0	0	0	7.89125476054974	0	0	0	0	0	0	0	0	0
GO:0055088	0	0	0	0	0	5.03749274826614	7.77525584668686	0	0	0	0	0	0	0	0	0	5.52898918428304	0	0	0	0	0	7.92940652651412	0
GO:0044282	0	0	0	0	0	41.088857229621	86.4579568221186	0	0	0	0	0	0	0	0	0	0	0	7.86747556878363	0	0	0	0	0
GO:0044283	0	0	0	0	0	10.7615093762863	49.0198189664019	0	0	0	0	0	0	0	0	0	0	0	9.43724097216811	0	9.35305667417778	0	0	0
GO:1901565	0	0	0	0	0	20.5326454773378	46.7711930157805	0	0	0	0	0	0	0	0	0	0	0	11.9074506330401	0	0	0	0	0
GO:0009410	0	0	0	0	0	12.8409509179661	104.994655376203	0	0	0	0	0	0	0	0	0	0	0	11.4546565568463	0	0	0	0	0
GO:0071466	0	0	0	0	0	12.9194225334076	105.314598310873	0	0	0	0	0	0	0	0	0	0	0	11.5361940919096	0	0	0	0	0
GO:0006805	0	0	0	0	0	13.0001457446801	105.641282541128	0	0	0	0	0	0	0	0	0	0	0	11.6182859806281	0	0	0	0	0
GO:0016054	0	0	0	0	0	40.6718045063405	87.5991594523637	0	0	0	0	0	0	0	0	0	0	0	8.1084002932154	0	0	0	0	0
GO:0046395	0	0	0	0	0	40.6718045063405	87.5991594523637	0	0	0	0	0	0	0	0	0	0	0	8.1084002932154	0	0	0	0	0
GO:0006790	0	0	0	0	0	13.0783464919876	16.5628214730198	0	0	0	0	0	0	0	0	0	0	0	13.3147352700518	0	10.9590403517438	0	0	0
GO:0007586	0	0	0	0	0	4.60717218865876	0	0	0	17.5164625933125	0	0	0	0	0	0	27.7089826573983	0	0	0	0	0	0	0
GO:0001991	0	0	0	0	0	8.09848285655805	0	0	0	0	0	4.72395372197806	0	0	0	0	9.38827158046884	0	0	0	0	0	0	0
GO:0005996	0	0	0	0	0	7.21836485607762	55.1398245991329	0	0	0	0	0	10.0290507755115	0	0	0	0	0	0	0	0	0	0	0
GO:2001029	0	0	0	0	0	4.79633069144925	12.9610952298082	0	0	0	0	0	0	0	7.31873556777841	0	0	0	0	0	0	0	0	0
GO:0052697	0	0	0	0	0	4.79633069144925	17.3456783209234	0	0	0	0	0	0	0	11.3140746062251	0	0	0	0	0	0	0	0	0
GO:2001030	0	0	0	0	0	5.18677599181513	13.7572416498403	0	0	0	0	0	0	0	7.89125476054974	0	0	0	0	0	0	0	0	0
GO:0006631	0	0	0	0	0	13.8185150669846	61.9386857898758	0	0	0	0	0	0	0	0	0	0	0	5.55450077194045	0	0	0	0	0
GO:0060177	0	0	0	0	0	6.6076506865318	0	0	0	0	0	5.74460446917646	0	0	0	0	8.81156425201882	0	0	0	0	0	0	0
GO:0002002	0	0	0	0	0	6.6076506865318	0	0	0	0	0	5.74460446917646	0	0	0	0	8.81156425201882	0	0	0	0	0	0	0
GO:0002003	0	0	0	0	0	6.95904857336969	0	0	0	0	0	6.00353712834225	0	0	0	0	9.40150087743734	0	0	0	0	0	0	0
GO:0006520	0	0	0	0	0	25.4020825631028	46.0567144017045	0	0	0	0	0	0	0	0	0	0	0	8.14908386985184	0	14.4732905946869	0	0	0
GO:1901605	0	0	0	0	0	15.7126305428502	52.1619499429789	0	0	0	0	0	0	0	0	0	0	0	12.5627475894689	0	0	0	0	0
GO:0009069	0	0	0	0	0	6.00759392903787	18.6653033269437	0	0	0	0	0	0	0	0	0	0	0	4.91988093082779	0	0	0	0	0
GO:0009062	0	0	0	0	0	13.2277238930622	24.7518226586305	0	0	0	0	0	0	0	0	0	0	0	5.37088805938287	0	0	0	0	0
GO:0006635	0	0	0	0	0	15.4975191632332	16.7681833420578	0	0	0	0	0	0	0	0	0	0	0	4.96901361940544	0	0	0	0	0
GO:0016052	0	0	0	0	0	6.74224084050456	15.5358800311057	0	0	0	0	0	14.7990100395319	0	0	0	0	0	0	0	0	0	0	0
KEGG:00053	0	0	0	0	0	7.79691734346804	47.1974057560829	0	0	0	0	0	0	0	10.4210021644529	0	0	0	0	0	0	0	0	0
KEGG:04146	0	0	0	0	0	6.20465776756902	12.5017868896792	0	0	0	0	0	0	0	0	0	0	0	20.050321363704	0	0	0	0	0
KEGG:00010	0	0	0	0	0	6.00353712834225	21.8349633651632	0	0	0	0	0	19.095988006384	0	0	0	0	0	0	0	0	0	0	0
KEGG:00040	0	0	0	0	0	8.31017902203191	55.0469308522402	0	0	0	0	0	0	0	8.65645525874974	0	0	0	0	0	0	0	0	0
REAC:71291	0	0	0	0	0	9.16155020780675	38.0757934997154	0	0	12.8485267117746	0	0	0	0	0	0	0	0	62.5423115188077	4.69948086545933	16.9322811598953	0	0	0
REAC:3299685	0	0	0	0	0	4.81960179670028	0	0	0	0	0	0	0	0	0	0	0	0	7.14855376553507	0	6.08797544748883	0	0	0
REAC:425407	0	0	0	0	0	14.1764804261859	10.0381624558627	0	0	0	0	0	6.55008083471032	0	0	0	5.11266801966141	0	0	0	0	0	0	0
REAC:425366	0	0	0	0	0	12.1784574784972	6.18020667170486	0	0	0	0	0	4.92675381011555	0	0	0	0	0	0	0	0	0	0	0
REAC:156580	0	0	0	0	0	16.2829702941486	33.3913739420731	0	0	0	0	0	0	0	0	0	0	0	0	0	6.81244509917781	0	0	0
REAC:2022377	0	0	0	0	0	5.74773436218538	0	0	0	0	0	6.80339526365789	0	0	0	0	9.76546625463875	0	0	0	0	0	0	0
GO:0046700	0	0	0	0	0	0	4.84342737511235	0	0	0	0	0	0	0	0	0	0	0	46.9531039792613	6.90775527898214	0	0	0	0
GO:0044270	0	0	0	0	0	0	5.86043628470158	0	0	0	0	0	0	0	0	0	0	0	52.7688367792544	6.90775527898214	0	0	0	0
GO:1901361	0	0	0	0	0	0	18.5962253164673	0	0	0	0	0	0	0	0	0	0	0	47.2424294374568	8.58440194110969	0	0	0	0
GO:0010817	0	0	0	0	0	0	10.715418269086	0	0	0	0	0	0	0	0	0	12.3203617919323	0	0	13.8978058006911	0	0	0	0
GO:0019439	0	0	0	0	0	0	16.9368060544936	0	0	0	0	0	0	0	0	0	0	0	46.1329119153065	7.59890445687941	0	0	0	0
KEGG:00860	0	0	0	0	0	0	29.9912353217592	0	0	0	0	0	0	0	5.40813223255524	0	0	0	7.08927715560553	0	0	0	0	0
GO:0045321	0	0	0	0	0	0	0	8.87386813535497	0	0	0	0	0	0	0	0	0	0	0	0	0	0	5.50903839786369	9.81364684853634
GO:0034330	0	0	0	0	0	0	0	6.66089520105061	0	0	9.08812273925193	6.89780494812897	0	5.19937741869313	0	0	0	0	0	0	0	0	0	0
GO:0034329	0	0	0	0	0	0	0	7.60692053186765	0	0	10.4586134351987	7.59492038786454	0	6.21962064024574	0	0	0	0	0	0	0	0	0	0
GO:0007044	0	0	0	0	0	0	0	5.6379947341182	0	0	16.0598267428343	5.60756361691566	0	0	0	0	0	0	0	0	0	0	0	0
GO:0031581	0	0	0	0	0	0	0	7.16135803778106	0	0	7.70848767022202	6.00353712834225	0	0	0	0	0	0	0	0	0	0	0	0
GO:0050900	0	0	0	0	0	0	0	5.08643700751254	0	0	0	0	0	0	0	0	0	0	0	0	0	0	10.5459416187806	17.5705298145828
KEGG:05152	0	0	0	0	0	0	0	7.94339276848886	0	0	0	0	0	0	0	0	0	0	0	0	0	0	6.11929791861787	9.05333662316652
KEGG:04145	0	0	0	0	0	0	0	22.8107395503235	0	0	0	0	0	0	0	10.9590403517438	0	0	0	0	0	0	8.14218729079278	6.84948637085816
KEGG:05222	0	0	0	0	0	0	0	5.98747252583844	0	0	5.08482019228563	8.17360348702616	0	0	0	0	0	0	0	0	0	0	0	0
KEGG:05168	0	0	0	0	0	0	0	6.05333995082607	0	0	0	0	0	0	0	0	0	0	0	0	0	6.17059121300542	0	11.1074603568621
KEGG:05140	0	0	0	0	0	0	0	11.7691088703626	0	0	0	0	0	0	0	0	0	0	0	0	0	0	8.44487252983661	5.0101354190546
REAC:3000157	0	0	0	0	0	0	0	12.995730726471	0	0	27.2663780023406	21.103063198306	0	0	0	0	0	0	0	0	0	0	0	0
GO:0006413	0	0	0	0	0	0	0	0	0	20.1522862903607	0	0	0	0	0	0	0	0	50.5346544131448	16.2146065513392	6.48904494412395	0	0	0
GO:0070972	0	0	0	0	0	0	0	0	0	33.6972092092325	0	0	0	0	0	0	0	0	97.0609722929214	28.2926696294291	0	0	0	0
GO:0072599	0	0	0	0	0	0	0	0	0	31.7915054806552	0	0	0	0	0	0	0	0	96.4462096412824	26.3955496445432	0	0	0	0
GO:0045047	0	0	0	0	0	0	0	0	0	32.685608297554	0	0	0	0	0	0	0	0	98.43454563444	27.1927661849974	0	0	0	0
GO:0072657	0	0	0	0	0	0	0	0	0	15.056839148834	0	0	0	0	0	0	0	0	38.1506948078885	15.3666795622744	0	0	0	0
GO:0090150	0	0	0	0	0	0	0	0	0	18.6964342455389	0	0	0	0	0	0	0	0	48.6744922170323	15.0128388195715	0	0	0	0
GO:0006612	0	0	0	0	0	0	0	0	0	25.0283314304842	0	0	0	0	0	0	0	0	76.0906685844613	17.0072577154442	0	0	0	0
GO:0006613	0	0	0	0	0	0	0	0	0	32.685608297554	0	0	0	0	0	0	0	0	98.43454563444	27.1927661849974	0	0	0	0
GO:0006614	0	0	0	0	0	0	0	0	0	30.960828501504	0	0	0	0	0	0	0	0	99.9946584803116	27.820971699887	0	0	0	0
GO:0044033	0	0	0	0	0	0	0	0	0	7.65641516947234	0	0	0	0	0	0	0	0	54.0650940424681	5.9716619198118	0	0	0	0
GO:0019080	0	0	0	0	0	0	0	0	0	8.1987394602977	0	0	0	0	0	0	0	0	55.6882203815628	6.46306945772069	0	0	0	0
GO:0019083	0	0	0	0	0	0	0	0	0	8.99522899235924	0	0	0	0	0	0	0	0	58.055650321321	7.18746918178474	0	0	0	0
GO:0006414	0	0	0	0	0	0	0	0	0	11.9239057537665	0	0	0	0	0	0	0	0	65.6999652737984	21.1679916590079	0	0	0	0
GO:0032984	0	0	0	0	0	0	0	0	0	7.20346952313118	0	0	0	0	0	0	0	0	43.1669011470342	10.9533096770348	0	0	0	0
GO:0043241	0	0	0	0	0	0	0	0	0	6.66873837851164	0	0	0	0	0	0	0	0	44.4604279180745	11.5908870064399	0	0	0	0
GO:0043624	0	0	0	0	0	0	0	0	0	7.80915739836254	0	0	0	0	0	0	0	0	47.4746602053724	13.087961950687	0	0	0	0
GO:0006415	0	0	0	0	0	0	0	0	0	11.722412689837	0	0	0	0	0	0	0	0	72.2717360020992	23.1038124714102	0	0	0	0
GO:0006401	0	0	0	0	0	0	0	0	0	6.77672701657573	0	0	0	0	0	0	0	0	51.4076483392656	10.157090311335	0	0	0	0
GO:0006402	0	0	0	0	0	0	0	0	0	6.95066277999341	0	0	0	0	0	0	0	0	55.8969205042931	9.14268172350237	4.86913573182256	0	0	0
GO:0000956	0	0	0	0	0	0	0	0	0	7.6211051668596	0	0	0	0	0	0	0	0	58.055650321321	9.91353788838963	5.42161558289253	0	0	0
GO:0000184	0	0	0	0	0	0	0	0	0	12.4342287386679	0	0	0	0	0	0	0	0	78.7970535062445	13.7572416498403	0	0	0	0
KEGG:04141	0	0	0	0	0	0	0	0	0	9.22342561152484	0	0	0	0	0	0	0	0	4.9309003260774	7.6211051668596	0	0	0	0
KEGG:03010	0	0	0	0	0	0	0	0	0	18.3073520586454	0	0	0	0	0	0	0	0	68.6720876817132	12.7371009766137	0	0	0	0
REAC:168254	0	0	0	0	0	0	0	0	0	12.5153188958978	0	0	0	0	0	0	0	0	61.0192254832404	14.2680672736063	0	0	0	0
REAC:168255	0	0	0	0	0	0	0	0	0	13.6415572508408	0	0	0	0	0	0	0	0	64.4141136957093	15.5303089860562	0	0	0	0
REAC:168273	0	0	0	0	0	0	0	0	0	14.5288604458417	0	0	0	0	0	0	0	0	67.1160505460062	13.0361856811633	0	0	0	0
REAC:192823	0	0	0	0	0	0	0	0	0	21.3066621535472	0	0	0	0	0	0	0	0	87.9666384416558	19.6829891252913	0	0	0	0
REAC:72312	0	0	0	0	0	0	0	0	0	11.9299572094499	0	0	0	0	0	0	0	0	46.6605078920071	6.58567177981302	0	0	0	0
REAC:6791226	0	0	0	0	0	0	0	0	0	13.9698279183486	0	0	0	0	0	0	0	0	55.8436480376841	9.43598705350851	0	0	0	0
REAC:927802	0	0	0	0	0	0	0	0	0	15.5527818419083	0	0	0	0	0	0	0	0	76.2756603698112	15.9870673885519	0	0	0	0
REAC:975957	0	0	0	0	0	0	0	0	0	15.5527818419083	0	0	0	0	0	0	0	0	76.2756603698112	15.9870673885519	0	0	0	0
REAC:975956	0	0	0	0	0	0	0	0	0	18.1506536067393	0	0	0	0	0	0	0	0	84.9566315403092	18.7422643680798	0	0	0	0
REAC:2980736	0	0	0	0	0	0	0	0	0	8.61701352669845	0	0	0	0	0	0	15.3341941071299	0	0	7.69961843248124	0	0	0	0
REAC:72766	0	0	0	0	0	0	0	0	0	42.9743895993345	0	0	0	0	0	0	0	0	79.2902865927251	20.9501664371383	5.69284253461787	0	0	0
REAC:72764	0	0	0	0	0	0	0	0	0	18.4997239512928	0	0	0	0	0	0	0	0	89.6268653196443	19.1098359032428	0	0	0	0
REAC:1799339	0	0	0	0	0	0	0	0	0	33.1180806070735	0	0	0	0	0	0	0	0	91.9294504126384	28.4140930040165	0	0	0	0
REAC:156842	0	0	0	0	0	0	0	0	0	20.3517022805139	0	0	0	0	0	0	0	0	88.4095367241369	18.7422643680798	0	0	0	0
REAC:156902	0	0	0	0	0	0	0	0	0	19.0387204520255	0	0	0	0	0	0	0	0	87.9666384416558	19.6829891252913	0	0	0	0
REAC:72613	0	0	0	0	0	0	0	0	0	29.2404590283626	0	0	0	0	0	0	0	0	72.8156224881261	14.8739410569996	0	0	0	0
REAC:72737	0	0	0	0	0	0	0	0	0	29.2404590283626	0	0	0	0	0	0	0	0	72.8156224881261	14.8739410569996	0	0	0	0
REAC:72706	0	0	0	0	0	0	0	0	0	23.75358955527	0	0	0	0	0	0	0	0	75.8283043199938	15.84046391436	0	0	0	0
REAC:72695	0	0	0	0	0	0	0	0	0	9.88368492523995	0	0	0	0	0	0	0	0	40.3151295624017	0	5.69581430500702	0	0	0
REAC:72662	0	0	0	0	0	0	0	0	0	10.6800163420351	0	0	0	0	0	0	0	0	36.6262501082878	0	4.8024023555178	0	0	0
REAC:72649	0	0	0	0	0	0	0	0	0	8.76565455071474	0	0	0	0	0	0	0	0	37.0520825192204	0	4.90492483967414	0	0	0
REAC:72689	0	0	0	0	0	0	0	0	0	23.5517901915165	0	0	0	0	0	0	0	0	81.1283325509455	17.5327894865999	0	0	0	0
REAC:72702	0	0	0	0	0	0	0	0	0	8.76565455071474	0	0	0	0	0	0	0	0	37.0520825192204	0	4.90492483967414	0	0	0
REAC:156827	0	0	0	0	0	0	0	0	0	23.9346696469759	0	0	0	0	0	0	0	0	76.2756603698112	15.9870673885519	0	0	0	0
REAC:2408522	0	0	0	0	0	0	0	0	0	23.0491195568798	0	0	0	0	0	0	0	0	80.2683947556225	15.2765284652801	0	0	0	0
REAC:2408557	0	0	0	0	0	0	0	0	0	18.4997239512928	0	0	0	0	0	0	0	0	86.1321418799714	19.1098359032428	0	0	0	0
REAC:1500931	0	0	0	0	0	0	0	0	0	0	5.58068027752222	0	0	4.83710224333538	5.55450077194045	0	0	0	0	0	0	0	0	0
REAC:5663205	0	0	0	0	0	0	0	0	0	0	0	0	0	0	0	0	0	0	27.2189114651017	5.82934569763155	15.7534525373704	0	0	0
